-
cigar
2
5
8
9
14
16
19
22
25
28
30
35
38
41
44
46
49
52
55
58
61
64
67
70
73
76
79
82
85
88
92
95
96
101
104
106
109
112
115
118
122
123
128
131
134
136
139
142
145
148
151
154
157
160
163
166
169
172
175
178
181
184
187
190
193
196
199
202
205
208
211
214
217
220
223
226
229
232
235
238
241
244
247
250
253
257
260
263
266
267
271
274
277
280
283
286
289
292
295
298
301
304
307
310
313
316
319
322
325
328
331
334
337
340
343
346
349
352
355
358
361
364
367
370
373
376
379
382
385
388
-
rebut
1
4
7
10
13
17
20
21
26
29
31
34
37
40
43
46
49
52
55
58
62
63
68
71
74
76
79
82
85
88
91
94
97
100
103
106
109
112
115
118
121
124
127
130
133
136
139
142
145
148
151
154
157
160
163
166
169
172
175
178
181
184
187
190
193
196
199
202
205
208
211
214
217
220
223
226
229
232
235
238
241
244
247
250
253
255
260
263
266
269
271
274
277
280
283
287
290
293
296
297
302
305
308
309
314
316
319
322
325
328
331
334
337
340
343
346
349
352
355
358
361
364
367
370
373
376
379
382
385
388
-
sissy
1
4
7
10
13
16
19
22
25
28
31
34
37
40
43
46
49
52
55
58
61
64
67
70
73
76
79
82
85
88
91
94
97
100
103
106
109
112
115
118
122
123
128
131
134
136
139
142
145
148
151
154
157
160
163
166
169
172
175
178
181
184
187
190
193
196
199
202
205
208
211
214
217
220
223
226
229
232
235
238
241
244
247
250
253
256
259
262
265
268
270
275
276
279
284
286
289
292
295
298
301
304
307
310
313
316
319
322
325
328
331
334
337
340
343
346
349
352
355
358
362
365
368
371
372
376
379
382
385
388
-
humph
1
4
7
10
13
16
19
22
25
28
31
34
37
40
43
46
49
52
55
58
61
64
67
70
73
76
79
82
85
88
91
94
97
100
103
105
110
113
116
117
121
124
127
130
133
136
139
142
145
148
151
154
157
160
163
166
169
172
175
178
182
185
186
191
194
196
199
202
205
208
211
214
217
220
223
227
230
233
234
239
241
244
247
250
253
256
259
262
265
268
271
274
277
280
283
286
289
292
295
298
302
303
308
311
314
316
319
322
325
328
331
334
337
340
343
346
349
352
355
358
361
364
367
370
373
376
379
382
385
388
-
awake
0
5
6
11
14
16
19
22
25
28
31
34
37
40
43
46
49
52
55
58
62
65
68
71
72
76
79
82
85
88
91
94
97
100
103
106
109
112
115
118
121
124
127
130
133
136
139
142
145
148
152
155
158
159
164
166
169
172
175
178
181
184
187
190
193
196
199
202
205
208
211
214
217
220
223
226
229
232
235
238
241
244
247
250
253
256
259
262
265
268
271
274
277
280
283
286
289
292
295
298
301
304
307
310
313
316
319
322
325
328
332
333
338
341
344
346
349
352
355
358
361
364
367
370
373
376
379
382
385
388
-
blush
1
4
7
10
13
15
20
23
26
29
31
34
37
40
43
46
49
52
55
58
61
64
67
70
73
76
79
82
85
88
91
94
97
100
103
107
110
113
116
117
121
124
127
130
133
136
139
142
145
148
151
154
157
160
163
167
168
173
176
179
181
184
187
190
193
196
199
202
205
208
211
214
217
220
223
226
229
232
235
238
241
244
247
250
253
256
259
262
265
268
272
275
278
279
284
286
289
292
295
298
302
305
306
311
314
316
319
322
325
328
331
334
337
340
343
346
349
352
355
358
361
364
367
370
373
376
379
382
385
388
-
focal
2
5
8
9
14
16
19
22
25
28
32
35
36
41
44
46
49
52
55
58
61
64
67
70
73
75
80
83
86
89
91
94
97
100
103
106
109
112
115
118
121
124
127
130
133
136
139
142
145
148
151
154
157
160
163
167
170
173
176
177
181
184
187
190
193
196
199
202
205
208
212
213
218
221
224
226
229
232
235
238
241
244
247
250
253
256
259
262
265
268
271
274
277
280
283
286
289
292
295
298
301
304
307
310
313
316
319
322
325
328
331
334
337
340
343
346
349
352
355
358
361
364
367
370
373
376
379
382
385
388
-
evade
2
5
6
11
14
16
19
22
25
28
31
34
37
40
43
47
50
53
54
59
60
65
68
71
72
76
79
82
85
88
91
94
97
100
103
106
109
112
115
118
121
124
127
130
133
136
139
142
145
148
151
154
157
160
163
166
169
172
175
178
181
184
187
190
193
196
199
202
205
208
211
214
217
220
223
226
229
232
235
238
241
244
247
250
253
256
259
262
265
268
271
274
277
280
283
286
289
292
295
298
301
304
307
310
313
317
318
323
326
329
331
334
337
340
343
346
349
352
355
358
361
364
367
370
373
376
379
382
385
388
-
naval
2
3
8
9
14
16
19
22
25
28
31
34
37
40
43
46
49
52
55
58
61
64
67
70
73
76
79
82
85
88
91
94
97
100
103
106
109
112
115
118
121
124
127
130
133
136
139
142
145
148
151
154
157
160
163
167
170
173
176
177
181
184
187
190
193
195
200
203
206
209
211
214
217
220
223
226
229
232
235
238
241
244
247
250
253
256
259
262
265
268
271
274
277
280
283
286
289
292
295
298
301
304
307
310
313
317
320
321
326
329
331
334
337
340
343
346
349
352
355
358
361
364
367
370
373
376
379
382
385
388
-
serve
1
4
7
10
13
16
19
22
25
28
31
34
37
40
43
46
49
52
55
58
62
63
68
71
72
76
79
82
85
88
91
94
97
100
103
106
109
112
115
118
121
124
127
130
133
136
139
142
145
148
151
154
157
160
163
166
169
172
175
178
181
184
187
190
193
196
199
202
205
208
211
214
217
220
223
226
229
232
235
238
241
244
247
250
253
257
260
261
266
269
270
275
278
281
284
286
289
292
295
298
301
304
307
310
313
317
320
323
324
329
331
334
337
340
343
346
349
352
355
358
361
364
367
370
373
376
379
382
385
388
-
heath
2
5
6
11
14
16
19
22
25
28
31
34
37
40
43
46
49
52
55
58
62
63
68
71
74
76
79
82
85
88
91
94
97
100
103
105
110
113
116
117
121
124
127
130
133
136
139
142
145
148
151
154
157
160
163
166
169
172
175
178
181
184
187
190
193
196
199
202
205
208
211
214
217
220
223
226
229
232
235
238
241
244
247
250
253
256
259
262
265
268
271
274
277
280
283
287
290
293
294
299
301
304
307
310
313
316
319
322
325
328
331
334
337
340
343
346
349
352
355
358
361
364
367
370
373
376
379
382
385
388
-
dwarf
2
5
6
11
14
16
19
22
25
28
31
34
37
40
43
45
50
53
56
59
61
64
67
70
73
77
80
83
86
87
91
94
97
100
103
106
109
112
115
118
121
124
127
130
133
136
139
142
145
148
151
154
157
160
163
166
169
172
175
178
181
184
187
190
193
196
199
202
205
208
211
214
217
220
223
226
229
232
235
238
241
244
247
250
253
257
260
263
264
269
271
274
277
280
283
286
289
292
295
298
301
304
307
310
313
316
319
322
325
328
332
333
338
341
344
346
349
352
355
358
361
364
367
370
373
376
379
382
385
388
-
model
1
4
7
10
13
16
19
22
25
28
31
34
37
40
43
47
50
51
56
59
62
65
68
69
74
76
79
82
85
88
91
94
97
100
103
106
109
112
115
118
121
124
127
130
133
136
139
142
145
148
151
154
157
160
163
167
170
173
176
177
180
185
188
191
194
196
199
202
205
208
212
213
218
221
224
226
229
232
235
238
241
244
247
250
253
256
259
262
265
268
271
274
277
280
283
286
289
292
295
298
301
304
307
310
313
316
319
322
325
328
331
334
337
340
343
346
349
352
355
358
361
364
367
370
373
376
379
382
385
388
-
karma
2
3
8
11
12
16
19
22
25
28
31
34
37
40
43
46
49
52
55
58
61
64
67
70
73
76
79
82
85
88
91
94
97
100
103
106
109
112
115
118
121
124
127
130
133
136
139
142
145
148
150
155
158
161
164
166
169
172
175
178
182
185
188
189
194
196
199
202
205
208
211
214
217
220
223
226
229
232
235
238
241
244
247
250
253
257
260
261
266
269
271
274
277
280
283
286
289
292
295
298
301
304
307
310
313
316
319
322
325
328
331
334
337
340
343
346
349
352
355
358
361
364
367
370
373
376
379
382
385
388
-
stink
1
4
7
10
13
16
19
22
25
28
31
34
37
40
43
46
49
52
55
58
61
64
67
70
73
76
79
82
85
88
91
94
97
100
103
106
109
112
115
118
122
125
126
131
134
136
139
142
145
148
152
155
158
161
162
166
169
172
175
178
181
184
187
190
193
197
200
203
204
209
211
214
217
220
223
226
229
232
235
238
241
244
247
250
253
256
259
262
265
268
270
275
278
281
284
287
288
293
296
299
301
304
307
310
313
316
319
322
325
328
331
334
337
340
343
346
349
352
355
358
361
364
367
370
373
376
379
382
385
388
-
grade
2
5
6
11
14
16
19
22
25
28
31
34
37
40
43
47
50
53
54
59
62
65
68
71
72
76
79
82
85
88
90
95
98
101
104
106
109
112
115
118
121
124
127
130
133
136
139
142
145
148
151
154
157
160
163
166
169
172
175
178
181
184
187
190
193
196
199
202
205
208
211
214
217
220
223
226
229
232
235
238
241
244
247
250
253
257
258
263
266
269
271
274
277
280
283
286
289
292
295
298
301
304
307
310
313
316
319
322
325
328
331
334
337
340
343
346
349
352
355
358
361
364
367
370
373
376
379
382
385
388
-
quiet
1
4
7
10
13
16
19
22
25
28
31
34
37
40
43
46
49
52
55
58
62
65
68
69
74
76
79
82
85
88
91
94
97
100
103
106
109
112
115
118
122
125
126
131
134
136
139
142
145
148
151
154
157
160
163
166
169
172
175
178
181
184
187
190
193
196
199
202
205
208
211
214
217
220
223
226
229
232
235
238
240
245
248
251
254
256
259
262
265
268
271
274
277
280
283
287
290
293
296
297
302
303
308
311
314
316
319
322
325
328
331
334
337
340
343
346
349
352
355
358
361
364
367
370
373
376
379
382
385
388
-
bench
1
4
7
10
13
15
20
23
26
29
32
35
38
39
44
46
49
52
55
58
62
63
68
71
74
76
79
82
85
88
91
94
97
100
103
107
110
113
116
117
121
124
127
130
133
136
139
142
145
148
151
154
157
160
163
166
169
172
175
178
181
184
187
190
193
197
200
201
206
209
211
214
217
220
223
226
229
232
235
238
241
244
247
250
253
256
259
262
265
268
271
274
277
280
283
286
289
292
295
298
301
304
307
310
313
316
319
322
325
328
331
334
337
340
343
346
349
352
355
358
361
364
367
370
373
376
379
382
385
388
-
abate
0
5
6
11
14
17
18
23
26
29
31
34
37
40
43
46
49
52
55
58
62
65
68
71
72
76
79
82
85
88
91
94
97
100
103
106
109
112
115
118
121
124
127
130
133
136
139
142
145
148
151
154
157
160
163
166
169
172
175
178
181
184
187
190
193
196
199
202
205
208
211
214
217
220
223
226
229
232
235
238
241
244
247
250
253
256
259
262
265
268
271
274
277
280
283
287
290
293
294
299
301
304
307
310
313
316
319
322
325
328
331
334
337
340
343
346
349
352
355
358
361
364
367
370
373
376
379
382
385
388
-
feign
1
4
7
10
13
16
19
22
25
28
31
34
37
40
43
46
49
52
55
58
62
63
68
71
74
75
80
83
86
89
92
95
98
99
104
106
109
112
115
118
122
125
126
131
134
136
139
142
145
148
151
154
157
160
163
166
169
172
175
178
181
184
187
190
193
197
200
203
206
207
211
214
217
220
223
226
229
232
235
238
241
244
247
250
253
256
259
262
265
268
271
274
277
280
283
286
289
292
295
298
301
304
307
310
313
316
319
322
325
328
331
334
337
340
343
346
349
352
355
358
361
364
367
370
373
376
379
382
385
388
-
major
2
3
8
11
14
16
19
22
25
28
31
34
37
40
43
46
49
52
55
58
61
64
67
70
73
76
79
82
85
88
91
94
97
100
103
106
109
112
115
118
121
124
127
130
133
137
140
141
146
149
151
154
157
160
163
166
169
172
175
178
180
185
188
191
194
196
199
202
205
208
212
215
218
219
224
226
229
232
235
238
241
244
247
250
253
257
260
263
266
267
271
274
277
280
283
286
289
292
295
298
301
304
307
310
313
316
319
322
325
328
331
334
337
340
343
346
349
352
355
358
361
364
367
370
373
376
379
382
385
388
-
death
2
5
6
11
14
16
19
22
25
28
31
34
37
40
43
45
50
53
56
59
62
63
68
71
74
76
79
82
85
88
91
94
97
100
103
107
110
113
116
117
121
124
127
130
133
136
139
142
145
148
151
154
157
160
163
166
169
172
175
178
181
184
187
190
193
196
199
202
205
208
211
214
217
220
223
226
229
232
235
238
241
244
247
250
253
256
259
262
265
268
271
274
277
280
283
287
290
293
294
299
301
304
307
310
313
316
319
322
325
328
331
334
337
340
343
346
349
352
355
358
361
364
367
370
373
376
379
382
385
388
-
fresh
1
4
7
10
13
16
19
22
25
28
31
34
37
40
43
46
49
52
55
58
62
65
66
71
74
75
80
83
86
89
91
94
97
100
103
107
110
113
116
117
121
124
127
130
133
136
139
142
145
148
151
154
157
160
163
166
169
172
175
178
181
184
187
190
193
196
199
202
205
208
211
214
217
220
223
226
229
232
235
238
241
244
247
250
253
257
258
263
266
269
272
275
278
279
284
286
289
292
295
298
301
304
307
310
313
316
319
322
325
328
331
334
337
340
343
346
349
352
355
358
361
364
367
370
373
376
379
382
385
388
-
crust
1
4
7
10
13
16
19
22
25
28
30
35
38
41
44
46
49
52
55
58
61
64
67
70
73
76
79
82
85
88
91
94
97
100
103
106
109
112
115
118
121
124
127
130
133
136
139
142
145
148
151
154
157
160
163
166
169
172
175
178
181
184
187
190
193
196
199
202
205
208
211
214
217
220
223
226
229
232
235
238
241
244
247
250
253
257
258
263
266
269
272
275
278
279
284
287
290
293
296
297
302
305
306
311
314
316
319
322
325
328
331
334
337
340
343
346
349
352
355
358
361
364
367
370
373
376
379
382
385
388
-
stool
1
4
7
10
13
16
19
22
25
28
31
34
37
40
43
46
49
52
55
58
61
64
67
70
73
76
79
82
85
88
91
94
97
100
103
106
109
112
115
118
121
124
127
130
133
136
139
142
145
148
151
154
157
160
163
167
170
173
176
177
181
184
187
190
193
196
199
202
205
208
212
215
216
219
224
226
229
232
235
238
241
244
247
250
253
256
259
262
265
268
270
275
278
281
284
287
288
293
296
299
301
304
307
310
313
316
319
322
325
328
331
334
337
340
343
346
349
352
355
358
361
364
367
370
373
376
379
382
385
388
-
colon
1
4
7
10
13
16
19
22
25
28
30
35
38
41
44
46
49
52
55
58
61
64
67
70
73
76
79
82
85
88
91
94
97
100
103
106
109
112
115
118
121
124
127
130
133
136
139
142
145
148
151
154
157
160
163
167
170
171
176
179
181
184
187
190
193
197
200
203
206
207
212
213
218
219
224
226
229
232
235
238
241
244
247
250
253
256
259
262
265
268
271
274
277
280
283
286
289
292
295
298
301
304
307
310
313
316
319
322
325
328
331
334
337
340
343
346
349
352
355
358
361
364
367
370
373
376
379
382
385
388
-
abase
0
5
6
11
14
17
18
23
26
29
31
34
37
40
43
46
49
52
55
58
62
65
68
71
72
76
79
82
85
88
91
94
97
100
103
106
109
112
115
118
121
124
127
130
133
136
139
142
145
148
151
154
157
160
163
166
169
172
175
178
181
184
187
190
193
196
199
202
205
208
211
214
217
220
223
226
229
232
235
238
241
244
247
250
253
256
259
262
265
268
272
275
278
279
284
286
289
292
295
298
301
304
307
310
313
316
319
322
325
328
331
334
337
340
343
346
349
352
355
358
361
364
367
370
373
376
379
382
385
388
-
marry
2
3
8
11
14
16
19
22
25
28
31
34
37
40
43
46
49
52
55
58
61
64
67
70
73
76
79
82
85
88
91
94
97
100
103
106
109
112
115
118
121
124
127
130
133
136
139
142
145
148
151
154
157
160
163
166
169
172
175
178
180
185
188
191
194
196
199
202
205
208
211
214
217
220
223
226
229
232
235
238
241
244
247
250
253
257
260
261
264
269
271
274
277
280
283
286
289
292
295
298
301
304
307
310
313
316
319
322
325
328
331
334
337
340
343
346
349
352
355
358
362
365
368
371
372
376
379
382
385
388
-
react
2
5
6
11
14
16
19
22
25
28
32
35
38
39
44
46
49
52
55
58
62
63
68
71
74
76
79
82
85
88
91
94
97
100
103
106
109
112
115
118
121
124
127
130
133
136
139
142
145
148
151
154
157
160
163
166
169
172
175
178
181
184
187
190
193
196
199
202
205
208
211
214
217
220
223
226
229
232
235
238
241
244
247
250
253
255
260
263
266
269
271
274
277
280
283
287
290
293
296
297
301
304
307
310
313
316
319
322
325
328
331
334
337
340
343
346
349
352
355
358
361
364
367
370
373
376
379
382
385
388
-
batty
2
3
8
11
14
15
20
23
26
29
31
34
37
40
43
46
49
52
55
58
61
64
67
70
73
76
79
82
85
88
91
94
97
100
103
106
109
112
115
118
121
124
127
130
133
136
139
142
145
148
151
154
157
160
163
166
169
172
175
178
181
184
187
190
193
196
199
202
205
208
211
214
217
220
223
226
229
232
235
238
241
244
247
250
253
256
259
262
265
268
271
274
277
280
283
287
290
291
294
299
301
304
307
310
313
316
319
322
325
328
331
334
337
340
343
346
349
352
355
358
362
365
368
371
372
376
379
382
385
388
-
pride
1
4
7
10
13
16
19
22
25
28
31
34
37
40
43
47
50
53
54
59
62
65
68
71
72
76
79
82
85
88
91
94
97
100
103
106
109
112
115
118
122
125
126
131
134
136
139
142
145
148
151
154
157
160
163
166
169
172
175
178
181
184
187
190
193
196
199
202
205
208
211
214
217
220
223
225
230
233
236
239
241
244
247
250
253
257
258
263
266
269
271
274
277
280
283
286
289
292
295
298
301
304
307
310
313
316
319
322
325
328
331
334
337
340
343
346
349
352
355
358
361
364
367
370
373
376
379
382
385
388
-
floss
1
4
7
10
13
16
19
22
25
28
31
34
37
40
43
46
49
52
55
58
61
64
67
70
73
75
80
83
86
89
91
94
97
100
103
106
109
112
115
118
121
124
127
130
133
136
139
142
145
148
151
154
157
160
163
167
168
173
176
179
181
184
187
190
193
196
199
202
205
208
212
215
216
221
224
226
229
232
235
238
241
244
247
250
253
256
259
262
265
268
272
275
278
279
282
286
289
292
295
298
301
304
307
310
313
316
319
322
325
328
331
334
337
340
343
346
349
352
355
358
361
364
367
370
373
376
379
382
385
388
-
helix
1
4
7
10
13
16
19
22
25
28
31
34
37
40
43
46
49
52
55
58
62
63
68
71
74
76
79
82
85
88
91
94
97
100
103
105
110
113
116
119
122
125
128
129
134
136
139
142
145
148
151
154
157
160
163
167
170
171
176
179
181
184
187
190
193
196
199
202
205
208
211
214
217
220
223
226
229
232
235
238
241
244
247
250
253
256
259
262
265
268
271
274
277
280
283
286
289
292
295
298
301
304
307
310
313
316
319
322
325
328
331
334
337
340
343
347
350
353
356
357
361
364
367
370
373
376
379
382
385
388
-
croak
2
5
8
9
14
16
19
22
25
28
30
35
38
41
44
46
49
52
55
58
61
64
67
70
73
76
79
82
85
88
91
94
97
100
103
106
109
112
115
118
121
124
127
130
133
136
139
142
145
148
152
155
158
161
162
166
169
172
175
178
181
184
187
190
193
196
199
202
205
208
212
215
216
221
224
226
229
232
235
238
241
244
247
250
253
257
258
263
266
269
271
274
277
280
283
286
289
292
295
298
301
304
307
310
313
316
319
322
325
328
331
334
337
340
343
346
349
352
355
358
361
364
367
370
373
376
379
382
385
388
-
staff
2
5
6
11
14
16
19
22
25
28
31
34
37
40
43
46
49
52
55
58
61
64
67
70
73
77
80
83
84
87
91
94
97
100
103
106
109
112
115
118
121
124
127
130
133
136
139
142
145
148
151
154
157
160
163
166
169
172
175
178
181
184
187
190
193
196
199
202
205
208
211
214
217
220
223
226
229
232
235
238
241
244
247
250
253
256
259
262
265
268
270
275
278
281
284
287
288
293
296
299
301
304
307
310
313
316
319
322
325
328
331
334
337
340
343
346
349
352
355
358
361
364
367
370
373
376
379
382
385
388
-
paper
2
3
8
11
14
16
19
22
25
28
31
34
37
40
43
46
49
52
55
58
62
65
68
69
74
76
79
82
85
88
91
94
97
100
103
106
109
112
115
118
121
124
127
130
133
136
139
142
145
148
151
154
157
160
163
166
169
172
175
178
181
184
187
190
193
196
199
202
205
208
211
214
217
220
223
225
230
231
236
239
241
244
247
250
253
257
260
263
266
267
271
274
277
280
283
286
289
292
295
298
301
304
307
310
313
316
319
322
325
328
331
334
337
340
343
346
349
352
355
358
361
364
367
370
373
376
379
382
385
388
-
unfed
1
4
7
10
13
16
19
22
25
28
31
34
37
40
43
47
50
53
56
57
62
65
68
69
74
77
80
81
86
89
91
94
97
100
103
106
109
112
115
118
121
124
127
130
133
136
139
142
145
148
151
154
157
160
163
166
169
172
175
178
181
184
187
190
193
197
198
203
206
209
211
214
217
220
223
226
229
232
235
238
241
244
247
250
253
256
259
262
265
268
271
274
277
280
283
286
289
292
295
298
300
305
308
311
314
316
319
322
325
328
331
334
337
340
343
346
349
352
355
358
361
364
367
370
373
376
379
382
385
388
-
whelp
1
4
7
10
13
16
19
22
25
28
31
34
37
40
43
46
49
52
55
58
62
65
66
71
74
76
79
82
85
88
91
94
97
100
103
107
108
113
116
119
121
124
127
130
133
136
139
142
145
148
151
154
157
160
163
167
170
173
174
179
181
184
187
190
193
196
199
202
205
208
211
214
217
220
223
227
230
233
236
237
241
244
247
250
253
256
259
262
265
268
271
274
277
280
283
286
289
292
295
298
301
304
307
310
313
316
319
322
325
328
330
335
338
341
344
346
349
352
355
358
361
364
367
370
373
376
379
382
385
388
-
trawl
2
5
6
11
14
16
19
22
25
28
31
34
37
40
43
46
49
52
55
58
61
64
67
70
73
76
79
82
85
88
91
94
97
100
103
106
109
112
115
118
121
124
127
130
133
136
139
142
145
148
151
154
157
160
163
167
170
173
176
177
181
184
187
190
193
196
199
202
205
208
211
214
217
220
223
226
229
232
235
238
241
244
247
250
253
257
258
263
266
269
271
274
277
280
283
285
290
293
296
299
301
304
307
310
313
316
319
322
325
328
332
335
338
339
344
346
349
352
355
358
361
364
367
370
373
376
379
382
385
388
-
outdo
1
4
7
10
13
16
19
22
25
28
31
34
37
40
43
47
50
53
54
59
61
64
67
70
73
76
79
82
85
88
91
94
97
100
103
106
109
112
115
118
121
124
127
130
133
136
139
142
145
148
151
154
157
160
163
166
169
172
175
178
181
184
187
190
193
196
199
202
205
208
210
215
218
221
222
226
229
232
235
238
241
244
247
250
253
256
259
262
265
268
271
274
277
280
283
287
290
291
296
299
302
303
308
311
314
316
319
322
325
328
331
334
337
340
343
346
349
352
355
358
361
364
367
370
373
376
379
382
385
388
-
adobe
0
5
8
11
14
17
20
23
24
29
31
34
37
40
43
47
48
53
56
59
62
65
68
71
72
76
79
82
85
88
91
94
97
100
103
106
109
112
115
118
121
124
127
130
133
136
139
142
145
148
151
154
157
160
163
166
169
172
175
178
181
184
187
190
193
196
199
202
205
208
212
215
216
221
224
226
229
232
235
238
241
244
247
250
253
256
259
262
265
268
271
274
277
280
283
286
289
292
295
298
301
304
307
310
313
316
319
322
325
328
331
334
337
340
343
346
349
352
355
358
361
364
367
370
373
376
379
382
385
388
-
crazy
2
5
6
11
14
16
19
22
25
28
30
35
38
41
44
46
49
52
55
58
61
64
67
70
73
76
79
82
85
88
91
94
97
100
103
106
109
112
115
118
121
124
127
130
133
136
139
142
145
148
151
154
157
160
163
166
169
172
175
178
181
184
187
190
193
196
199
202
205
208
211
214
217
220
223
226
229
232
235
238
241
244
247
250
253
257
258
263
266
269
271
274
277
280
283
286
289
292
295
298
301
304
307
310
313
316
319
322
325
328
331
334
337
340
343
346
349
352
355
358
362
365
368
371
372
377
380
383
384
389
-
sower
1
4
7
10
13
16
19
22
25
28
31
34
37
40
43
46
49
52
55
58
62
65
68
69
74
76
79
82
85
88
91
94
97
100
103
106
109
112
115
118
121
124
127
130
133
136
139
142
145
148
151
154
157
160
163
166
169
172
175
178
181
184
187
190
193
196
199
202
205
208
212
213
218
221
224
226
229
232
235
238
241
244
247
250
253
257
260
263
266
267
270
275
278
281
284
286
289
292
295
298
301
304
307
310
313
316
319
322
325
328
332
335
336
341
344
346
349
352
355
358
361
364
367
370
373
376
379
382
385
388
-
repay
2
5
8
9
14
16
19
22
25
28
31
34
37
40
43
46
49
52
55
58
62
63
68
71
74
76
79
82
85
88
91
94
97
100
103
106
109
112
115
118
121
124
127
130
133
136
139
142
145
148
151
154
157
160
163
166
169
172
175
178
181
184
187
190
193
196
199
202
205
208
211
214
217
220
223
227
230
231
236
239
241
244
247
250
253
255
260
263
266
269
271
274
277
280
283
286
289
292
295
298
301
304
307
310
313
316
319
322
325
328
331
334
337
340
343
346
349
352
355
358
362
365
368
371
372
376
379
382
385
388
-
digit
1
4
7
10
13
16
19
22
25
28
31
34
37
40
43
45
50
53
56
59
61
64
67
70
73
76
79
82
85
88
92
95
96
101
104
106
109
112
115
118
122
123
128
129
134
136
139
142
145
148
151
154
157
160
163
166
169
172
175
178
181
184
187
190
193
196
199
202
205
208
211
214
217
220
223
226
229
232
235
238
241
244
247
250
253
256
259
262
265
268
271
274
277
280
283
287
290
293
296
297
301
304
307
310
313
316
319
322
325
328
331
334
337
340
343
346
349
352
355
358
361
364
367
370
373
376
379
382
385
388
-
crate
2
5
6
11
14
16
19
22
25
28
30
35
38
41
44
46
49
52
55
58
62
65
68
71
72
76
79
82
85
88
91
94
97
100
103
106
109
112
115
118
121
124
127
130
133
136
139
142
145
148
151
154
157
160
163
166
169
172
175
178
181
184
187
190
193
196
199
202
205
208
211
214
217
220
223
226
229
232
235
238
241
244
247
250
253
257
258
263
266
269
271
274
277
280
283
287
290
293
294
299
301
304
307
310
313
316
319
322
325
328
331
334
337
340
343
346
349
352
355
358
361
364
367
370
373
376
379
382
385
388
-
cluck
1
4
7
10
13
16
19
22
25
28
30
35
38
39
44
46
49
52
55
58
61
64
67
70
73
76
79
82
85
88
91
94
97
100
103
106
109
112
115
118
121
124
127
130
133
136
139
142
145
148
152
155
158
161
162
167
168
173
176
179
181
184
187
190
193
196
199
202
205
208
211
214
217
220
223
226
229
232
235
238
241
244
247
250
253
256
259
262
265
268
271
274
277
280
283
286
289
292
295
298
302
305
306
311
314
316
319
322
325
328
331
334
337
340
343
346
349
352
355
358
361
364
367
370
373
376
379
382
385
388
-
spike
1
4
7
10
13
16
19
22
25
28
31
34
37
40
43
46
49
52
55
58
62
65
68
71
72
76
79
82
85
88
91
94
97
100
103
106
109
112
115
118
122
125
126
131
134
136
139
142
145
148
152
155
158
159
164
166
169
172
175
178
181
184
187
190
193
196
199
202
205
208
211
214
217
220
223
227
228
233
236
239
241
244
247
250
253
256
259
262
265
268
270
275
278
281
284
286
289
292
295
298
301
304
307
310
313
316
319
322
325
328
331
334
337
340
343
346
349
352
355
358
361
364
367
370
373
376
379
382
385
388
-
mimic
1
4
7
10
13
16
19
22
25
28
32
35
38
41
42
46
49
52
55
58
61
64
67
70
73
76
79
82
85
88
91
94
97
100
103
106
109
112
115
118
122
123
128
129
134
136
139
142
145
148
151
154
157
160
163
166
169
172
175
178
180
185
186
191
194
196
199
202
205
208
211
214
217
220
223
226
229
232
235
238
241
244
247
250
253
256
259
262
265
268
271
274
277
280
283
286
289
292
295
298
301
304
307
310
313
316
319
322
325
328
331
334
337
340
343
346
349
352
355
358
361
364
367
370
373
376
379
382
385
388
-
pound
1
4
7
10
13
16
19
22
25
28
31
34
37
40
43
47
50
53
56
57
61
64
67
70
73
76
79
82
85
88
91
94
97
100
103
106
109
112
115
118
121
124
127
130
133
136
139
142
145
148
151
154
157
160
163
166
169
172
175
178
181
184
187
190
193
197
200
203
204
209
212
213
218
221
224
225
230
233
236
239
241
244
247
250
253
256
259
262
265
268
271
274
277
280
283
286
289
292
295
298
302
305
306
311
314
316
319
322
325
328
331
334
337
340
343
346
349
352
355
358
361
364
367
370
373
376
379
382
385
388
-
maxim
2
3
8
11
14
16
19
22
25
28
31
34
37
40
43
46
49
52
55
58
61
64
67
70
73
76
79
82
85
88
91
94
97
100
103
106
109
112
115
118
122
125
128
129
134
136
139
142
145
148
151
154
157
160
163
166
169
172
175
178
180
185
188
191
192
196
199
202
205
208
211
214
217
220
223
226
229
232
235
238
241
244
247
250
253
256
259
262
265
268
271
274
277
280
283
286
289
292
295
298
301
304
307
310
313
316
319
322
325
328
331
334
337
340
343
347
350
351
356
359
361
364
367
370
373
376
379
382
385
388
-
linen
1
4
7
10
13
16
19
22
25
28
31
34
37
40
43
46
49
52
55
58
62
65
68
69
74
76
79
82
85
88
91
94
97
100
103
106
109
112
115
118
122
123
128
131
134
136
139
142
145
148
151
154
157
160
163
165
170
173
176
179
181
184
187
190
193
197
200
201
206
207
211
214
217
220
223
226
229
232
235
238
241
244
247
250
253
256
259
262
265
268
271
274
277
280
283
286
289
292
295
298
301
304
307
310
313
316
319
322
325
328
331
334
337
340
343
346
349
352
355
358
361
364
367
370
373
376
379
382
385
388
-
unmet
1
4
7
10
13
16
19
22
25
28
31
34
37
40
43
46
49
52
55
58
62
65
68
69
74
76
79
82
85
88
91
94
97
100
103
106
109
112
115
118
121
124
127
130
133
136
139
142
145
148
151
154
157
160
163
166
169
172
175
178
182
185
186
191
194
197
198
203
206
209
211
214
217
220
223
226
229
232
235
238
241
244
247
250
253
256
259
262
265
268
271
274
277
280
283
287
290
293
296
297
300
305
308
311
314
316
319
322
325
328
331
334
337
340
343
346
349
352
355
358
361
364
367
370
373
376
379
382
385
388
-
flesh
1
4
7
10
13
16
19
22
25
28
31
34
37
40
43
46
49
52
55
58
62
65
66
71
74
75
80
83
86
89
91
94
97
100
103
107
110
113
116
117
121
124
127
130
133
136
139
142
145
148
151
154
157
160
163
167
168
173
176
179
181
184
187
190
193
196
199
202
205
208
211
214
217
220
223
226
229
232
235
238
241
244
247
250
253
256
259
262
265
268
272
275
278
279
284
286
289
292
295
298
301
304
307
310
313
316
319
322
325
328
331
334
337
340
343
346
349
352
355
358
361
364
367
370
373
376
379
382
385
388
-
booby
1
4
7
10
13
15
20
23
24
29
31
34
37
40
43
46
49
52
55
58
61
64
67
70
73
76
79
82
85
88
91
94
97
100
103
106
109
112
115
118
121
124
127
130
133
136
139
142
145
148
151
154
157
160
163
166
169
172
175
178
181
184
187
190
193
196
199
202
205
208
212
213
216
221
224
226
229
232
235
238
241
244
247
250
253
256
259
262
265
268
271
274
277
280
283
286
289
292
295
298
301
304
307
310
313
316
319
322
325
328
331
334
337
340
343
346
349
352
355
358
362
365
368
371
372
376
379
382
385
388
-
forth
1
4
7
10
13
16
19
22
25
28
31
34
37
40
43
46
49
52
55
58
61
64
67
70
73
75
80
83
86
89
91
94
97
100
103
107
110
113
116
117
121
124
127
130
133
136
139
142
145
148
151
154
157
160
163
166
169
172
175
178
181
184
187
190
193
196
199
202
205
208
212
213
218
221
224
226
229
232
235
238
241
244
247
250
253
257
260
261
266
269
271
274
277
280
283
287
290
293
294
299
301
304
307
310
313
316
319
322
325
328
331
334
337
340
343
346
349
352
355
358
361
364
367
370
373
376
379
382
385
388
-
first
1
4
7
10
13
16
19
22
25
28
31
34
37
40
43
46
49
52
55
58
61
64
67
70
73
75
80
83
86
89
91
94
97
100
103
106
109
112
115
118
122
123
128
131
134
136
139
142
145
148
151
154
157
160
163
166
169
172
175
178
181
184
187
190
193
196
199
202
205
208
211
214
217
220
223
226
229
232
235
238
241
244
247
250
253
257
260
261
266
269
272
275
278
279
284
287
290
293
296
297
301
304
307
310
313
316
319
322
325
328
331
334
337
340
343
346
349
352
355
358
361
364
367
370
373
376
379
382
385
388
-
stand
2
5
6
11
14
16
19
22
25
28
31
34
37
40
43
47
50
53
56
57
61
64
67
70
73
76
79
82
85
88
91
94
97
100
103
106
109
112
115
118
121
124
127
130
133
136
139
142
145
148
151
154
157
160
163
166
169
172
175
178
181
184
187
190
193
197
200
203
204
209
211
214
217
220
223
226
229
232
235
238
241
244
247
250
253
256
259
262
265
268
270
275
278
281
284
287
288
293
296
299
301
304
307
310
313
316
319
322
325
328
331
334
337
340
343
346
349
352
355
358
361
364
367
370
373
376
379
382
385
388
-
belly
1
4
7
10
13
15
20
23
26
29
31
34
37
40
43
46
49
52
55
58
62
63
68
71
74
76
79
82
85
88
91
94
97
100
103
106
109
112
115
118
121
124
127
130
133
136
139
142
145
148
151
154
157
160
163
167
170
171
174
179
181
184
187
190
193
196
199
202
205
208
211
214
217
220
223
226
229
232
235
238
241
244
247
250
253
256
259
262
265
268
271
274
277
280
283
286
289
292
295
298
301
304
307
310
313
316
319
322
325
328
331
334
337
340
343
346
349
352
355
358
362
365
368
371
372
376
379
382
385
388
-
ivory
1
4
7
10
13
16
19
22
25
28
31
34
37
40
43
46
49
52
55
58
61
64
67
70
73
76
79
82
85
88
91
94
97
100
103
106
109
112
115
118
120
125
128
131
134
136
139
142
145
148
151
154
157
160
163
166
169
172
175
178
181
184
187
190
193
196
199
202
205
208
212
215
216
221
224
226
229
232
235
238
241
244
247
250
253
257
260
263
264
269
271
274
277
280
283
286
289
292
295
298
301
304
307
310
313
317
318
323
326
329
331
334
337
340
343
346
349
352
355
358
362
365
368
371
372
376
379
382
385
388
-
seedy
1
4
7
10
13
16
19
22
25
28
31
34
37
40
43
47
50
53
54
59
62
63
66
71
74
76
79
82
85
88
91
94
97
100
103
106
109
112
115
118
121
124
127
130
133
136
139
142
145
148
151
154
157
160
163
166
169
172
175
178
181
184
187
190
193
196
199
202
205
208
211
214
217
220
223
226
229
232
235
238
241
244
247
250
253
256
259
262
265
268
270
275
278
281
284
286
289
292
295
298
301
304
307
310
313
316
319
322
325
328
331
334
337
340
343
346
349
352
355
358
362
365
368
371
372
376
379
382
385
388
-
print
1
4
7
10
13
16
19
22
25
28
31
34
37
40
43
46
49
52
55
58
61
64
67
70
73
76
79
82
85
88
91
94
97
100
103
106
109
112
115
118
122
125
126
131
134
136
139
142
145
148
151
154
157
160
163
166
169
172
175
178
181
184
187
190
193
197
200
203
204
209
211
214
217
220
223
225
230
233
236
239
241
244
247
250
253
257
258
263
266
269
271
274
277
280
283
287
290
293
296
297
301
304
307
310
313
316
319
322
325
328
331
334
337
340
343
346
349
352
355
358
361
364
367
370
373
376
379
382
385
388
-
yearn
2
5
6
11
14
16
19
22
25
28
31
34
37
40
43
46
49
52
55
58
62
63
68
71
74
76
79
82
85
88
91
94
97
100
103
106
109
112
115
118
121
124
127
130
133
136
139
142
145
148
151
154
157
160
163
166
169
172
175
178
181
184
187
190
193
197
200
203
206
207
211
214
217
220
223
226
229
232
235
238
241
244
247
250
253
257
260
263
264
269
271
274
277
280
283
286
289
292
295
298
301
304
307
310
313
316
319
322
325
328
331
334
337
340
343
346
349
352
355
358
360
365
368
371
374
376
379
382
385
388
-
drain
2
5
6
11
14
16
19
22
25
28
31
34
37
40
43
45
50
53
56
59
61
64
67
70
73
76
79
82
85
88
91
94
97
100
103
106
109
112
115
118
122
125
128
129
134
136
139
142
145
148
151
154
157
160
163
166
169
172
175
178
181
184
187
190
193
197
200
203
206
207
211
214
217
220
223
226
229
232
235
238
241
244
247
250
253
257
258
263
266
269
271
274
277
280
283
286
289
292
295
298
301
304
307
310
313
316
319
322
325
328
331
334
337
340
343
346
349
352
355
358
361
364
367
370
373
376
379
382
385
388
-
bribe
1
4
7
10
13
15
20
23
24
29
31
34
37
40
43
46
49
52
55
58
62
65
68
71
72
76
79
82
85
88
91
94
97
100
103
106
109
112
115
118
122
125
126
131
134
136
139
142
145
148
151
154
157
160
163
166
169
172
175
178
181
184
187
190
193
196
199
202
205
208
211
214
217
220
223
226
229
232
235
238
241
244
247
250
253
257
258
263
266
269
271
274
277
280
283
286
289
292
295
298
301
304
307
310
313
316
319
322
325
328
331
334
337
340
343
346
349
352
355
358
361
364
367
370
373
376
379
382
385
388
-
stout
1
4
7
10
13
16
19
22
25
28
31
34
37
40
43
46
49
52
55
58
61
64
67
70
73
76
79
82
85
88
91
94
97
100
103
106
109
112
115
118
121
124
127
130
133
136
139
142
145
148
151
154
157
160
163
166
169
172
175
178
181
184
187
190
193
196
199
202
205
208
212
215
216
221
224
226
229
232
235
238
241
244
247
250
253
256
259
262
265
268
270
275
278
281
284
287
288
293
296
297
302
305
308
309
314
316
319
322
325
328
331
334
337
340
343
346
349
352
355
358
361
364
367
370
373
376
379
382
385
388
-
panel
2
3
8
11
14
16
19
22
25
28
31
34
37
40
43
46
49
52
55
58
62
65
68
69
74
76
79
82
85
88
91
94
97
100
103
106
109
112
115
118
121
124
127
130
133
136
139
142
145
148
151
154
157
160
163
167
170
173
176
177
181
184
187
190
193
197
200
201
206
209
211
214
217
220
223
225
230
233
236
239
241
244
247
250
253
256
259
262
265
268
271
274
277
280
283
286
289
292
295
298
301
304
307
310
313
316
319
322
325
328
331
334
337
340
343
346
349
352
355
358
361
364
367
370
373
376
379
382
385
388
-
crass
2
5
6
11
14
16
19
22
25
28
30
35
38
41
44
46
49
52
55
58
61
64
67
70
73
76
79
82
85
88
91
94
97
100
103
106
109
112
115
118
121
124
127
130
133
136
139
142
145
148
151
154
157
160
163
166
169
172
175
178
181
184
187
190
193
196
199
202
205
208
211
214
217
220
223
226
229
232
235
238
241
244
247
250
253
257
258
263
266
269
272
275
278
279
282
286
289
292
295
298
301
304
307
310
313
316
319
322
325
328
331
334
337
340
343
346
349
352
355
358
361
364
367
370
373
376
379
382
385
388
-
flume
1
4
7
10
13
16
19
22
25
28
31
34
37
40
43
46
49
52
55
58
62
65
68
71
72
75
80
83
86
89
91
94
97
100
103
106
109
112
115
118
121
124
127
130
133
136
139
142
145
148
151
154
157
160
163
167
168
173
176
179
182
185
188
189
194
196
199
202
205
208
211
214
217
220
223
226
229
232
235
238
241
244
247
250
253
256
259
262
265
268
271
274
277
280
283
286
289
292
295
298
302
305
306
311
314
316
319
322
325
328
331
334
337
340
343
346
349
352
355
358
361
364
367
370
373
376
379
382
385
388
-
offal
2
5
8
9
14
16
19
22
25
28
31
34
37
40
43
46
49
52
55
58
61
64
67
70
73
77
78
81
86
89
91
94
97
100
103
106
109
112
115
118
121
124
127
130
133
136
139
142
145
148
151
154
157
160
163
167
170
173
176
177
181
184
187
190
193
196
199
202
205
208
210
215
218
221
224
226
229
232
235
238
241
244
247
250
253
256
259
262
265
268
271
274
277
280
283
286
289
292
295
298
301
304
307
310
313
316
319
322
325
328
331
334
337
340
343
346
349
352
355
358
361
364
367
370
373
376
379
382
385
388
-
agree
0
5
8
11
14
16
19
22
25
28
31
34
37
40
43
46
49
52
55
58
62
65
68
69
72
76
79
82
85
88
92
93
98
101
104
106
109
112
115
118
121
124
127
130
133
136
139
142
145
148
151
154
157
160
163
166
169
172
175
178
181
184
187
190
193
196
199
202
205
208
211
214
217
220
223
226
229
232
235
238
241
244
247
250
253
257
260
261
266
269
271
274
277
280
283
286
289
292
295
298
301
304
307
310
313
316
319
322
325
328
331
334
337
340
343
346
349
352
355
358
361
364
367
370
373
376
379
382
385
388
-
error
1
4
7
10
13
16
19
22
25
28
31
34
37
40
43
46
49
52
55
58
60
65
68
71
74
76
79
82
85
88
91
94
97
100
103
106
109
112
115
118
121
124
127
130
133
136
139
142
145
148
151
154
157
160
163
166
169
172
175
178
181
184
187
190
193
196
199
202
205
208
212
215
218
219
224
226
229
232
235
238
241
244
247
250
253
257
258
261
266
267
271
274
277
280
283
286
289
292
295
298
301
304
307
310
313
316
319
322
325
328
331
334
337
340
343
346
349
352
355
358
361
364
367
370
373
376
379
382
385
388
-
swirl
1
4
7
10
13
16
19
22
25
28
31
34
37
40
43
46
49
52
55
58
61
64
67
70
73
76
79
82
85
88
91
94
97
100
103
106
109
112
115
118
122
125
126
131
134
136
139
142
145
148
151
154
157
160
163
167
170
173
176
177
181
184
187
190
193
196
199
202
205
208
211
214
217
220
223
226
229
232
235
238
241
244
247
250
253
257
260
263
264
269
270
275
278
281
284
286
289
292
295
298
301
304
307
310
313
316
319
322
325
328
332
333
338
341
344
346
349
352
355
358
361
364
367
370
373
376
379
382
385
388
-
argue
0
5
8
11
14
16
19
22
25
28
31
34
37
40
43
46
49
52
55
58
62
65
68
71
72
76
79
82
85
88
92
95
96
101
104
106
109
112
115
118
121
124
127
130
133
136
139
142
145
148
151
154
157
160
163
166
169
172
175
178
181
184
187
190
193
196
199
202
205
208
211
214
217
220
223
226
229
232
235
238
241
244
247
250
253
257
258
263
266
269
271
274
277
280
283
286
289
292
295
298
302
305
308
309
314
316
319
322
325
328
331
334
337
340
343
346
349
352
355
358
361
364
367
370
373
376
379
382
385
388
-
bleed
1
4
7
10
13
15
20
23
26
29
31
34
37
40
43
47
50
53
56
57
62
65
66
69
74
76
79
82
85
88
91
94
97
100
103
106
109
112
115
118
121
124
127
130
133
136
139
142
145
148
151
154
157
160
163
167
168
173
176
179
181
184
187
190
193
196
199
202
205
208
211
214
217
220
223
226
229
232
235
238
241
244
247
250
253
256
259
262
265
268
271
274
277
280
283
286
289
292
295
298
301
304
307
310
313
316
319
322
325
328
331
334
337
340
343
346
349
352
355
358
361
364
367
370
373
376
379
382
385
388
-
delta
2
5
8
11
12
16
19
22
25
28
31
34
37
40
43
45
50
53
56
59
62
63
68
71
74
76
79
82
85
88
91
94
97
100
103
106
109
112
115
118
121
124
127
130
133
136
139
142
145
148
151
154
157
160
163
167
170
171
176
179
181
184
187
190
193
196
199
202
205
208
211
214
217
220
223
226
229
232
235
238
241
244
247
250
253
256
259
262
265
268
271
274
277
280
283
287
290
293
294
299
301
304
307
310
313
316
319
322
325
328
331
334
337
340
343
346
349
352
355
358
361
364
367
370
373
376
379
382
385
388
-
flick
1
4
7
10
13
16
19
22
25
28
32
35
38
39
44
46
49
52
55
58
61
64
67
70
73
75
80
83
86
89
91
94
97
100
103
106
109
112
115
118
122
125
126
131
134
136
139
142
145
148
152
155
158
161
162
167
168
173
176
179
181
184
187
190
193
196
199
202
205
208
211
214
217
220
223
226
229
232
235
238
241
244
247
250
253
256
259
262
265
268
271
274
277
280
283
286
289
292
295
298
301
304
307
310
313
316
319
322
325
328
331
334
337
340
343
346
349
352
355
358
361
364
367
370
373
376
379
382
385
388
-
totem
1
4
7
10
13
16
19
22
25
28
31
34
37
40
43
46
49
52
55
58
62
65
68
69
74
76
79
82
85
88
91
94
97
100
103
106
109
112
115
118
121
124
127
130
133
136
139
142
145
148
151
154
157
160
163
166
169
172
175
178
182
185
188
191
192
196
199
202
205
208
212
213
218
221
224
226
229
232
235
238
241
244
247
250
253
256
259
262
265
268
271
274
277
280
283
285
290
291
296
299
301
304
307
310
313
316
319
322
325
328
331
334
337
340
343
346
349
352
355
358
361
364
367
370
373
376
379
382
385
388
-
wooer
1
4
7
10
13
16
19
22
25
28
31
34
37
40
43
46
49
52
55
58
62
65
68
69
74
76
79
82
85
88
91
94
97
100
103
106
109
112
115
118
121
124
127
130
133
136
139
142
145
148
151
154
157
160
163
166
169
172
175
178
181
184
187
190
193
196
199
202
205
208
212
213
216
221
224
226
229
232
235
238
241
244
247
250
253
257
260
263
266
267
271
274
277
280
283
286
289
292
295
298
301
304
307
310
313
316
319
322
325
328
330
335
338
341
344
346
349
352
355
358
361
364
367
370
373
376
379
382
385
388
-
front
1
4
7
10
13
16
19
22
25
28
31
34
37
40
43
46
49
52
55
58
61
64
67
70
73
75
80
83
86
89
91
94
97
100
103
106
109
112
115
118
121
124
127
130
133
136
139
142
145
148
151
154
157
160
163
166
169
172
175
178
181
184
187
190
193
197
200
203
204
209
212
215
216
221
224
226
229
232
235
238
241
244
247
250
253
257
258
263
266
269
271
274
277
280
283
287
290
293
296
297
301
304
307
310
313
316
319
322
325
328
331
334
337
340
343
346
349
352
355
358
361
364
367
370
373
376
379
382
385
388
-
shrub
1
4
7
10
13
17
20
23
26
27
31
34
37
40
43
46
49
52
55
58
61
64
67
70
73
76
79
82
85
88
91
94
97
100
103
107
108
113
116
119
121
124
127
130
133
136
139
142
145
148
151
154
157
160
163
166
169
172
175
178
181
184
187
190
193
196
199
202
205
208
211
214
217
220
223
226
229
232
235
238
241
244
247
250
253
257
260
261
266
269
270
275
278
281
284
286
289
292
295
298
302
305
308
309
314
316
319
322
325
328
331
334
337
340
343
346
349
352
355
358
361
364
367
370
373
376
379
382
385
388
-
parry
2
3
8
11
14
16
19
22
25
28
31
34
37
40
43
46
49
52
55
58
61
64
67
70
73
76
79
82
85
88
91
94
97
100
103
106
109
112
115
118
121
124
127
130
133
136
139
142
145
148
151
154
157
160
163
166
169
172
175
178
181
184
187
190
193
196
199
202
205
208
211
214
217
220
223
225
230
233
236
239
241
244
247
250
253
257
260
261
264
269
271
274
277
280
283
286
289
292
295
298
301
304
307
310
313
316
319
322
325
328
331
334
337
340
343
346
349
352
355
358
362
365
368
371
372
376
379
382
385
388
-
biome
1
4
7
10
13
15
20
23
26
29
31
34
37
40
43
46
49
52
55
58
62
65
68
71
72
76
79
82
85
88
91
94
97
100
103
106
109
112
115
118
122
123
128
131
134
136
139
142
145
148
151
154
157
160
163
166
169
172
175
178
182
185
188
189
194
196
199
202
205
208
212
215
216
221
224
226
229
232
235
238
241
244
247
250
253
256
259
262
265
268
271
274
277
280
283
286
289
292
295
298
301
304
307
310
313
316
319
322
325
328
331
334
337
340
343
346
349
352
355
358
361
364
367
370
373
376
379
382
385
388
-
lapel
2
3
8
11
14
16
19
22
25
28
31
34
37
40
43
46
49
52
55
58
62
65
68
69
74
76
79
82
85
88
91
94
97
100
103
106
109
112
115
118
121
124
127
130
133
136
139
142
145
148
151
154
157
160
163
165
170
173
176
177
181
184
187
190
193
196
199
202
205
208
211
214
217
220
223
227
230
231
236
239
241
244
247
250
253
256
259
262
265
268
271
274
277
280
283
286
289
292
295
298
301
304
307
310
313
316
319
322
325
328
331
334
337
340
343
346
349
352
355
358
361
364
367
370
373
376
379
382
385
388
-
start
2
5
6
11
14
16
19
22
25
28
31
34
37
40
43
46
49
52
55
58
61
64
67
70
73
76
79
82
85
88
91
94
97
100
103
106
109
112
115
118
121
124
127
130
133
136
139
142
145
148
151
154
157
160
163
166
169
172
175
178
181
184
187
190
193
196
199
202
205
208
211
214
217
220
223
226
229
232
235
238
241
244
247
250
253
257
260
263
264
269
270
275
278
281
284
287
288
293
296
297
301
304
307
310
313
316
319
322
325
328
331
334
337
340
343
346
349
352
355
358
361
364
367
370
373
376
379
382
385
388
-
greet
1
4
7
10
13
16
19
22
25
28
31
34
37
40
43
46
49
52
55
58
62
65
66
69
74
76
79
82
85
88
90
95
98
101
104
106
109
112
115
118
121
124
127
130
133
136
139
142
145
148
151
154
157
160
163
166
169
172
175
178
181
184
187
190
193
196
199
202
205
208
211
214
217
220
223
226
229
232
235
238
241
244
247
250
253
257
258
263
266
269
271
274
277
280
283
287
290
293
296
297
301
304
307
310
313
316
319
322
325
328
331
334
337
340
343
346
349
352
355
358
361
364
367
370
373
376
379
382
385
388
-
goner
1
4
7
10
13
16
19
22
25
28
31
34
37
40
43
46
49
52
55
58
62
65
68
69
74
76
79
82
85
88
90
95
98
101
104
106
109
112
115
118
121
124
127
130
133
136
139
142
145
148
151
154
157
160
163
166
169
172
175
178
181
184
187
190
193
197
200
201
206
209
212
213
218
221
224
226
229
232
235
238
241
244
247
250
253
257
260
263
266
267
271
274
277
280
283
286
289
292
295
298
301
304
307
310
313
316
319
322
325
328
331
334
337
340
343
346
349
352
355
358
361
364
367
370
373
376
379
382
385
388
-
golem
1
4
7
10
13
16
19
22
25
28
31
34
37
40
43
46
49
52
55
58
62
65
68
69
74
76
79
82
85
88
90
95
98
101
104
106
109
112
115
118
121
124
127
130
133
136
139
142
145
148
151
154
157
160
163
167
170
171
176
179
182
185
188
191
192
196
199
202
205
208
212
213
218
221
224
226
229
232
235
238
241
244
247
250
253
256
259
262
265
268
271
274
277
280
283
286
289
292
295
298
301
304
307
310
313
316
319
322
325
328
331
334
337
340
343
346
349
352
355
358
361
364
367
370
373
376
379
382
385
388
-
lusty
1
4
7
10
13
16
19
22
25
28
31
34
37
40
43
46
49
52
55
58
61
64
67
70
73
76
79
82
85
88
91
94
97
100
103
106
109
112
115
118
121
124
127
130
133
136
139
142
145
148
151
154
157
160
163
165
170
173
176
179
181
184
187
190
193
196
199
202
205
208
211
214
217
220
223
226
229
232
235
238
241
244
247
250
253
256
259
262
265
268
272
275
276
281
284
287
290
293
294
299
302
303
308
311
314
316
319
322
325
328
331
334
337
340
343
346
349
352
355
358
362
365
368
371
372
376
379
382
385
388
-
loopy
1
4
7
10
13
16
19
22
25
28
31
34
37
40
43
46
49
52
55
58
61
64
67
70
73
76
79
82
85
88
91
94
97
100
103
106
109
112
115
118
121
124
127
130
133
136
139
142
145
148
151
154
157
160
163
165
170
173
176
179
181
184
187
190
193
196
199
202
205
208
212
213
216
221
224
227
230
233
234
239
241
244
247
250
253
256
259
262
265
268
271
274
277
280
283
286
289
292
295
298
301
304
307
310
313
316
319
322
325
328
331
334
337
340
343
346
349
352
355
358
362
365
368
371
372
376
379
382
385
388
-
round
1
4
7
10
13
16
19
22
25
28
31
34
37
40
43
47
50
53
56
57
61
64
67
70
73
76
79
82
85
88
91
94
97
100
103
106
109
112
115
118
121
124
127
130
133
136
139
142
145
148
151
154
157
160
163
166
169
172
175
178
181
184
187
190
193
197
200
203
204
209
212
213
218
221
224
226
229
232
235
238
241
244
247
250
253
255
260
263
266
269
271
274
277
280
283
286
289
292
295
298
302
305
306
311
314
316
319
322
325
328
331
334
337
340
343
346
349
352
355
358
361
364
367
370
373
376
379
382
385
388
-
audit
0
5
8
11
14
16
19
22
25
28
31
34
37
40
43
47
50
51
56
59
61
64
67
70
73
76
79
82
85
88
91
94
97
100
103
106
109
112
115
118
122
125
128
129
134
136
139
142
145
148
151
154
157
160
163
166
169
172
175
178
181
184
187
190
193
196
199
202
205
208
211
214
217
220
223
226
229
232
235
238
241
244
247
250
253
256
259
262
265
268
271
274
277
280
283
287
290
293
296
297
302
303
308
311
314
316
319
322
325
328
331
334
337
340
343
346
349
352
355
358
361
364
367
370
373
376
379
382
385
388
-
lying
1
4
7
10
13
16
19
22
25
28
31
34
37
40
43
46
49
52
55
58
61
64
67
70
73
76
79
82
85
88
92
95
98
101
102
106
109
112
115
118
122
125
126
131
134
136
139
142
145
148
151
154
157
160
163
165
170
173
176
179
181
184
187
190
193
197
200
203
204
209
211
214
217
220
223
226
229
232
235
238
241
244
247
250
253
256
259
262
265
268
271
274
277
280
283
286
289
292
295
298
301
304
307
310
313
316
319
322
325
328
331
334
337
340
343
346
349
352
355
358
362
363
368
371
374
376
379
382
385
388
-
gamma
2
3
8
11
12
16
19
22
25
28
31
34
37
40
43
46
49
52
55
58
61
64
67
70
73
76
79
82
85
88
90
95
98
101
104
106
109
112
115
118
121
124
127
130
133
136
139
142
145
148
151
154
157
160
163
166
169
172
175
178
182
185
186
189
194
196
199
202
205
208
211
214
217
220
223
226
229
232
235
238
241
244
247
250
253
256
259
262
265
268
271
274
277
280
283
286
289
292
295
298
301
304
307
310
313
316
319
322
325
328
331
334
337
340
343
346
349
352
355
358
361
364
367
370
373
376
379
382
385
388
-
labor
2
3
8
11
14
17
20
21
26
29
31
34
37
40
43
46
49
52
55
58
61
64
67
70
73
76
79
82
85
88
91
94
97
100
103
106
109
112
115
118
121
124
127
130
133
136
139
142
145
148
151
154
157
160
163
165
170
173
176
179
181
184
187
190
193
196
199
202
205
208
212
215
218
219
224
226
229
232
235
238
241
244
247
250
253
257
260
263
266
267
271
274
277
280
283
286
289
292
295
298
301
304
307
310
313
316
319
322
325
328
331
334
337
340
343
346
349
352
355
358
361
364
367
370
373
376
379
382
385
388
-
islet
1
4
7
10
13
16
19
22
25
28
31
34
37
40
43
46
49
52
55
58
62
65
68
69
74
76
79
82
85
88
91
94
97
100
103
106
109
112
115
118
120
125
128
131
134
136
139
142
145
148
151
154
157
160
163
167
170
171
176
179
181
184
187
190
193
196
199
202
205
208
211
214
217
220
223
226
229
232
235
238
241
244
247
250
253
256
259
262
265
268
272
273
278
281
284
287
290
293
296
297
301
304
307
310
313
316
319
322
325
328
331
334
337
340
343
346
349
352
355
358
361
364
367
370
373
376
379
382
385
388
-
civic
1
4
7
10
13
16
19
22
25
28
30
35
38
41
42
46
49
52
55
58
61
64
67
70
73
76
79
82
85
88
91
94
97
100
103
106
109
112
115
118
122
123
128
129
134
136
139
142
145
148
151
154
157
160
163
166
169
172
175
178
181
184
187
190
193
196
199
202
205
208
211
214
217
220
223
226
229
232
235
238
241
244
247
250
253
256
259
262
265
268
271
274
277
280
283
286
289
292
295
298
301
304
307
310
313
317
320
321
326
329
331
334
337
340
343
346
349
352
355
358
361
364
367
370
373
376
379
382
385
388
-
forge
1
4
7
10
13
16
19
22
25
28
31
34
37
40
43
46
49
52
55
58
62
65
68
71
72
75
80
83
86
89
92
95
98
99
104
106
109
112
115
118
121
124
127
130
133
136
139
142
145
148
151
154
157
160
163
166
169
172
175
178
181
184
187
190
193
196
199
202
205
208
212
213
218
221
224
226
229
232
235
238
241
244
247
250
253
257
260
261
266
269
271
274
277
280
283
286
289
292
295
298
301
304
307
310
313
316
319
322
325
328
331
334
337
340
343
346
349
352
355
358
361
364
367
370
373
376
379
382
385
388
-
corny
1
4
7
10
13
16
19
22
25
28
30
35
38
41
44
46
49
52
55
58
61
64
67
70
73
76
79
82
85
88
91
94
97
100
103
106
109
112
115
118
121
124
127
130
133
136
139
142
145
148
151
154
157
160
163
166
169
172
175
178
181
184
187
190
193
197
200
203
204
209
212
213
218
221
224
226
229
232
235
238
241
244
247
250
253
257
260
261
266
269
271
274
277
280
283
286
289
292
295
298
301
304
307
310
313
316
319
322
325
328
331
334
337
340
343
346
349
352
355
358
362
365
368
371
372
376
379
382
385
388
-
moult
1
4
7
10
13
16
19
22
25
28
31
34
37
40
43
46
49
52
55
58
61
64
67
70
73
76
79
82
85
88
91
94
97
100
103
106
109
112
115
118
121
124
127
130
133
136
139
142
145
148
151
154
157
160
163
167
170
173
174
179
180
185
188
191
194
196
199
202
205
208
212
213
218
221
224
226
229
232
235
238
241
244
247
250
253
256
259
262
265
268
271
274
277
280
283
287
290
293
296
297
302
305
306
311
314
316
319
322
325
328
331
334
337
340
343
346
349
352
355
358
361
364
367
370
373
376
379
382
385
388
